0.6854358
0.2985824
0.1370451
0.1218136
0.04818622
 0
 0
0.2222512
0.1966953
0.0008953526
 0
0.1328351
 0
0.00494467
0.4085912
0.06256924
0.0675554
0.1323896
0.02591737
0.2648198
0.2091984
0.38792
0.2090362
0.06132847
 0
0.1496677
0.5248482
0.1775974
0.01643544
0.1012679
0.05877626
 0
0.2670049
1.255011
0.04185491
0.06578618
0.04897958
0.1931352
0.1607472
0.1118895
0.1570486
0.07424378
0.1380398
0.02103156
0.1955729
0.2289217
0.01179901
0.03268782
2.882653
0.09122379
0.1100513
0.1110051
0.1621508
 0
1.719209
20.84431
0.1148874
1.403859
3.220654
2.51546
6.937283
0.3696936
0.6669762
0.04113616
 0
0.03015795
1.902564
19.00063
1.654169
0.0948156
0.1264526
0.004958987
0.06673764
 0
10.39403
4.316646
3.156447
0.1706752
0.06902782
 0
 0
0.3776683
0.7148094
0.1365021
0.08849182
0.06354878
0.1644462
 0
0.2286897
2.326983
1.075899
0.00495661
 0
 0
0.03597917
0.01622927
0.03914359
 0
0.002133294
 0
0.02084429
0.03132004
0.1059949
0.1673122
0.0881692
0.01177483
0.2287572
0.1757224
0.03746702
 0
3.472975
0.3405765
 0
 0
0.004916447
0.01397478
0.03815909
 0
 0
0.01582727
 0
 0
0.1397172
0.04275793
0.01629847
 0
0.1776826
 0
 0
 0
0.1053936
0.1449682
0.041435
0.2203254
0.2040273
8.365497e-05
 0
0.1018243
0.3678183
0.01256019
 0
 0
0.05877626
0.1301707
0.02286897
0.1223489
0.002000224
 0
 0
 0
 0
 0
 0
 0
0.001089403
 0
 0
 0
 0
 0
0.01015676
0.005951233
0.1163708
0.04687433
 0
 0
1.975579
0.07552864
 0
 0
 0
 0
0.05489803
0.2007318
 0
0.008309767
 0
 0
0.2312648
 0
 0
 0
0.1118686
0.154437
 0
 0
 0
 0
 0
0.172228
0.2918806
5.219618
 0
 0
1.000614
0.02512037
 0
0.3177439
3.593751
0.4532253
0.1700548
0.3765776
 0
 0
0.04337024
0.005282842
 0
0.02749004
0.04370558
 0
0.001269472
 0
 0
 0
 0
0.4383694
0.1348157
0.006797058
0.07336754
 0
 0
 0
0.3462967
0.06606417
1.782422
1.310672
4.877465
11.32825
14.24831
3.800341
12.90141
1.348436
2.816786
9.907619
20.0504
15.93075
6.924963
18.06415
5.412096
1.918443
13.78269
27.12445
20.90802
14.02498
17.83306
5.870802
4.450079
12.90508
15.0696
15.44606
4.525386
20.36704
3.542925
7.088208
16.33217
3.005444
13.36303
19.69088
5.398381
3.831479
5.742801
6.173498
18.70083
9.323638
12.40515
2.96687
4.620939
2.370934
5.199279
8.021045
6.814242
2.011812
0.6848777
3.187147
1.730316
1.063579
0.8849754
2.290427
0.4354934
0.08123893
6.964236
16.21497
34.09035
75.33532
68.70594
27.69487
30.50129
9.471106
15.76706
44.66584
84.15311
82.26035
22.54871
67.45132
12.32085
5.028335
40.24844
63.29627
87.7621
106.9687
103.7314
8.357448
8.506488
36.23726
28.68076
103.0852
21.14356
80.65434
7.200795
14.46574
26.5953
16.7072
107.6974
66.22659
19.00483
8.052902
22.012
31.27054
64.43055
78.01469
33.41633
10.10469
11.76389
13.69809
28.40805
57.08256
52.01126
26.06655
15.25143
11.27969
13.0368
26.52078
39.7924
29.44334
12.48053
6.176666
1.53051
9.099405
31.25446
62.94564
14.64708
5.695519
22.39544
5.328443
37.77488
44.99846
26.70109
19.03517
14.49914
11.43106
15.71852
11.05206
24.16985
35.56165
14.60748
12.05318
5.164638
14.86915
29.7331
25.60388
12.95985
11.56533
2.487825
3.505885
9.224281
25.80668
22.8569
2.606193
18.1025
11.77585
1.057755
9.879579
26.89925
16.65893
8.428513
17.88219
6.903035
1.255483
17.67784
10.28701
11.92986
17.2929
17.61232
5.47746
27.44585
17.04506
14.25026
16.78438
30.4992
23.89754
7.133486
30.9236
1.967102
2.340776
2.994404
0.416966
0.4276265
1.421814
3.750836
2.921431
2.654849
0.480449
2.80934
6.819749
7.602853
7.218678
7.327159
0.6202773
0.8672762
0.4029123
12.35971
1.662356
8.934606
8.647396
9.377612
4.977532
21.70734
6.647066
1.16315
10.75241
6.757582
3.997914
6.937528
1.445212
7.13304
2.898023
1.976995
7.731713
9.382771
5.863612
5.243937
4.901531
2.723585
0.8363354
9.763024
6.464429
4.986542
2.951817
7.132514
4.89471
2.08129
5.75861
8.860358
4.185558
2.651308
7.722788
3.083026
0.6602361
