5.346608
5.22469
6.051955
11.24524
13.57823
27.40084
24.82294
6.029878
6.637814
10.60084
12.71707
24.56715
12.24688
31.32182
10.7313
3.082935
9.13149
18.69492
45.24839
37.24952
36.63633
11.28714
12.58472
16.6211
24.04818
49.71935
14.77234
34.27132
5.258043
21.76778
3.733711
12.70874
59.75447
41.8757
27.62341
6.765454
22.24867
24.53556
47.86921
50.76526
43.39235
12.47859
11.4887
15.96406
28.59143
45.05506
44.96121
38.06262
19.43417
14.95649
17.48291
29.70796
44.62816
40.63784
25.18859
18.5714
2.473915
3.418619
8.770243
0.3008147
1.423096
2.986928
20.09459
4.654086
13.94156
15.4768
1.480387
7.779601
4.7981
23.02966
16.02361
5.532753
1.531241
8.358597
10.49916
3.895674
22.54543
13.73846
10.21178
10.65881
16.97721
23.33481
7.456874
19.40504
9.455268
9.387364
1.105527
4.22269
31.84019
22.01419
8.63062
3.629226
2.995407
6.764966
14.7046
14.14941
11.40903
2.446846
4.41546
5.699616
7.056729
7.084667
8.606782
5.53552
3.54581
4.810689
8.689969
7.090624
6.608881
7.70091
7.205716
6.647375
11.68205
24.29945
44.84674
38.72976
46.63393
18.47054
13.16389
17.41431
38.8744
60.72303
45.22202
31.64141
9.985321
8.930184
18.19021
13.69105
31.10628
29.9638
30.11157
23.22471
17.07775
9.705246
12.6299
19.42267
36.43386
31.75483
8.607005
21.49611
3.596369
16.24946
2.206157
9.350046
16.93766
20.26666
16.55966
4.278535
7.017521
10.91068
28.26157
11.96702
25.65519
15.26375
10.01793
5.397123
13.88108
23.38033
14.93774
22.4663
33.39698
10.70394
4.741716
15.57949
24.21104
24.57551
16.96022
19.762
0.1813701
0.2956722
0.560774
0.1886963
0.2090186
1.635325
5.692985
0.2949574
0.1596082
0.05750142
2.687661
3.455099
7.785475
2.756586
1.575781
2.332307
0.1198572
0.06659507
2.734565
9.818526
12.46791
7.141129
30.29126
2.5741
4.905874
4.45372
9.013535
8.625959
0.5919648
6.617093
0.3957692
0.1880648
3.625139
6.247822
2.358376
0.02807957
0.05405728
0.5650422
13.6249
13.04637
8.823334
2.390944
0.5038608
3.462018
8.633319
10.62452
2.0682
1.316445
1.116104
2.390574
7.159639
9.412371
9.435623
2.220111
0.4991196
0.7712258
0.05253632
0.01127308
 0
 0
 0
0.3898932
3.100914
0.07271869
0.008839894
0.1781339
0.1679803
0.06529296
0.1457397
0.8189534
0.6909711
0.04083556
 0
 0
0.05917361
0.1089206
2.777266
0.8939739
0.2600254
1.050022
4.081911
0.1386493
0.97767
5.031192
 0
 0
0.2316762
0.1301707
0.16229
0.1402132
0.6522207
0.2375555
0.00111017
0.0005624031
 0
0.2312603
0.4805772
1.662829
0.02393174
0.09898389
0.1123559
0.1518046
0.3734002
0.923475
3.132772
0.2467607
0.5592574
0.3577835
0.3776331
1.871521
11.16004
5.52989
2.582396
 0
 0
 0
0.07553546
1.08109
5.532329
0.9835268
0.02935014
0.7621191
0.4711304
8.157883
1.426496
20.09132
0.6080578
0.1913418
2.857633
5.691814
2.942467
5.206793
7.597669
1.005803
1.111837
0.1065507
11.7568
8.670166
1.396299
1.074265
0.6479631
0.2447841
0.9694226
1.080914
1.183774
1.942877
0.2640405
0.1169262
0.07904153
1.751932
8.619061
1.776771
0.8502202
1.916902
3.270419
3.811482
22.28694
33.8153
5.272464
1.23226
3.814969
3.858004
15.71919
23.2688
15.46708
20.27572
5.967922
1.815435
43.10427
39.25828
9.588377
1.766256
0.3417331
0.777854
3.703326
41.28178
27.15858
9.118249
2.298267
0.1757612
0.0595457
35.26445
15.40452
5.727414
3.435725
0.07167149
3.012231
4.080356
31.38873
4.610596
16.04335
7.53447
3.097698
18.56544
9.468834
45.81191
0.7779084
11.49573
0.3159937
0.7218429
28.37328
17.79078
8.97368
0.09699046
2.868777
9.744402
21.02508
34.96675
25.68833
4.455518
0.161917
1.104494
10.7186
23.4046
46.69354
19.97276
7.354877
0.1988871
0.7624869
13.3041
22.49826
36.068
11.73292
14.43044
0.6944914
1.702441
3.357699
2.637274
6.985469
0.3696936
0.6669762
0.2675422
0.1966953
0.0310533
1.902564
19.13346
1.654169
0.09976026
0.5909781
0.06752823
0.134293
0.1323896
10.41994
4.50937
3.365645
0.632037
0.2982228
0.05358921
 0
0.5273359
1.23262
0.3140995
0.1049273
0.1648167
0.2232224
 0
0.4614242
3.581995
1.117753
0.07074279
0.04897958
0.1931352
0.1967263
0.1281187
0.1961922
0.07424378
0.140173
0.02103156
0.2164172
0.2602418
0.1177939
0.2
2.631587
0.1029986
0.3388086
0.2867275
0.1996178
 0
5.335766
18.66223
 0
 0
0.004916447
0.01397478
0.09305712
0.2007318
 0
0.01998216
 0
 0
0.3709821
0.04275793
0.01629847
 0
0.2336169
0.154437
 0
 0
0.1053936
0.1449682
0.041435
0.3191116
0.4757494
5.304554
 0
0.1018243
1.368432
0.03768056
 0
0.3177439
3.652528
0.5833961
0.1929237
0.4989264
0.002000224
 0
0.04337024
0.005282842
 0
0.02749004
0.04370558
 0
0.002676243
 0
 0
 0
 0
0.4383694
0.1449725
0.01444756
0.2080802
0.04687433
 0
 0
1.974651
0.1415928
8.828089
17.81051
41.63333
112.2928
91.5662
32.742
46.84742
10.92619
20.77625
58.78035
115.7825
106.6965
30.94014
86.88152
18.65265
7.717771
59.22982
116.1954
113.8337
125.1667
123.2109
15.21998
15.33037
59.13322
48.43747
126.5023
26.9674
102.361
11.00345
24.60275
50.7221
20.76706
135.904
87.76099
24.86617
12.92771
33.02685
41.94647
86.85447
102.7262
51.87057
13.6906
19.28136
18.36364
38.67452
77.4528
74.55372
32.37563
16.76007
17.93474
17.60296
36.59675
64.95136
50.90902
15.09584
7.463868
3.448997
11.19258
31.79089
37.7334
6.462745
6.193982
23.77865
8.154655
39.37937
41.39091
18.66239
17.47826
20.84303
17.28369
22.16862
11.09866
19.95911
10.18991
21.87017
9.5425
12.45275
22.86896
37.72696
20.87337
30.59237
10.24133
2.425529
12.94833
15.85507
27.71123
21.9998
2.99699
10.39546
12.86188
2.571786
16.57601
31.15939
18.02312
9.949355
7.423977
3.717979
1.5014
24.5892
14.94751
11.93077
7.895526
9.016616
6.089175
28.71366
19.35961
20.40175
11.95755
8.876516
12.44507
8.036693
30.37787
1.164825
0.2862423
0.5822293
0.01397478
0.03815909
0.9611233
2.628039
0.668617
0.09854483
 0
2.235786
0.04275793
0.05523153
 0
0.4039874
0.003459435
0.06673764
 0
0.07309284
0.1089206
0.041435
3.055707
7.603661
2.812809
4.225554
0.04171125
1.121723
0.1170878
0.9228523
2.710745
 0
0.6469644
0.006931368
0.07572894
0.07554913
1.095284
0.01998305
0.01012326
0.1640208
0.1105021
0.4526824
0.3309653
1.266484
1.846084
0.5401375
0.1498608
0.3272737
0.6409919
0.7509146
1.044761
0.5197162
0.003979059
0.0605984
0.1177822
0.5687707
1.328822
3.989246
2.520483
0.2656017
 0
 0
0.317474
0.1769203
4.717643
1.341889
0.0592416
0.02408477
 0
0.02166713
 0
2.008391
0.1831503
0.1269691
 0
 0
 0
 0
4.813151
3.319974
2.688114
3.537657
 0
0.8031557
 0
6.115271
7.146204
0.1779912
0.1301707
 0
 0
 0
5.770452
8.241893
0.1467501
 0
0.5618916
0.1172933
0.04561944
6.412871
7.517352
2.59181
0.0889863
0.3389366
0.2069212
0.1222298
3.798312
10.85851
4.198494
0.03746702
0.03639539
0.1550239
0.02420481
1.909473
0.685591
0.07109598
0.008013112
0.1416863
0.1091317
0.03931561
2.467166
0.5772325
0.07845154
 0
0.1544313
0.05490511
0.598305
1.496265
0.1287633
1.810237
 0
 0
0.5854407
16.99054
2.137962
1.107948
0.6088179
3.945848
 0
0.7462667
3.685971
2.494191
2.997992
0.1124424
0.1301707
 0
 0
0.1732392
0.9326352
2.458036
0.05055957
 0
 0
 0
 0
0.4331374
1.982424
0.3920112
 0
 0
 0
0.3377767
0.4879715
2.039399
0.782821
 0
 0
0.2562736
2.508885
0.3354629
0.5420082
1.337394
6.528512
4.812189
4.333549
3.385023
0.6921498
0.4633206
1.214565
4.95951
2.928323
1.094452
2.96528
0.746856
0.08067179
2.900727
2.629644
1.558717
0.6178412
1.658066
0.8374126
0.2317382
0.7783516
2.367837
0.4663233
1.09388
1.722965
0.1113861
0.2395178
0.2191045
0.1736822
1.11348
1.177476
0.6511418
0.08247937
0.1632323
0.01294646
0.2672067
1.244387
1.476451
0.7644311
0.003857824
1.23893
0.3190685
0.1678182
1.190194
1.930469
1.542635
0.02191364
0.1535837
0.04687433
0.03963828
0.5793263
1.150119
1.617929
1.946656
1.497167
1.067008
1.285552
1.533514
0.6596882
1.437253
3.00414
1.402869
1.355415
1.211063
1.295797
0.5689381
1.133417
1.230256
0.3312795
0.7809056
0.3662948
0.3953248
0.6
1.485365
5.196101
0.8320325
0.5609143
0.275611
0.1079564
0.9325443
0.688979
2.63592
0.4347794
0.1825667
0.1724386
0.0268614
0.1665552
0.1343457
10.80762
0.8335015
0.03897618
0.1753199
0.2644877
0.1978817
0.02862434
25.38394
5.601718
1.415158
0.1610543
0.2951321
0.1815801
0.06785568
15.41408
5.316845
 0
0.1632274
0.1552398
0.2217486
0.2224003
0.08234647
 0
 0
 0
 0
 0
0.07150768
0.05080125
 0
 0
 0
 0
0.1977545
1.43948
0.09145602
 0
0.06673764
 0
 0
3.093972
1.126657
1.256111
0.08380845
8.365497e-05
 0
0.4852134
0.6571274
3.486623
4.768069
2.735533
 0
3.566263
2.291018
0.0107895
0.1090498
1.79065
0.02331356
0.2807524
0.1104055
0.243439
0.5021415
 0
0.005936217
2.417426
1.744057
0.001086147
1.04073
1.632944
0.636427
0.04722706
0.4124856
0.1820936
0.008945188
22.51881
7.202018
0.1981925
0.03281656
0.01127308
 0
 0
 0
 0
0.0007683236
0.009467254
 0
 0
 0
 0
 0
0.07300895
0.04971115
0.003459435
0.06673764
 0
 0
0.1944236
9.178936e-05
 0
 0
 0
 0
0.6319458
0.6571274
0.1437199
0.001872964
0.06579193
 0
0.1301707
5.231976e-05
 0
 0
 0
 0
 0
 0
0.01622927
0.04820221
0.04561944
0.004443153
 0
 0
 0
0.06390157
0.1857321
0.1248334
0.02378971
0.2567864
 0
0.03695472
0.08221776
0.6306792
0.02420481
 0
 0
 0
 0
 0
 0
 0
0.003362624
 0
 0
 0
 0
 0
 0
0.00987969
0.00691887
 0
 0
 0
 0
 0
 0
 0
8.365497e-05
 0
 0
0.5841132
 0
 0
 0
 0
 0
 0
 0
 0
 0
 0
 0
 0
 0
 0
 0
0.003808416
 0
 0
 0
 0
 0
 0
0.02039118
0.2201027
0.01872955
0.06497987
 0
0.03671273
 0
0.02208983
0.01127308
 0
 0
 0
 0
 0
 0
 0
 0
 0
0.04275793
0.01462258
 0
 0
 0
0.06673764
0.002030572
 0
0.01170881
0.05774184
 0
 0
 0
 0
 0
0.5121741
0.03458583
 0
 0
 0
0.1301707
 0
 0
 0
0.001169982
 0
 0
 0
0.08373196
0.007540005
 0
0.000317368
 0
0.02084429
0.09350666
0.05389233
 0
 0
0.001699265
0.01834189
0.103047
0.1621508
 0
0.0550691
 0
 0
 0
 0
 0
 0
 0
 0
0.003362624
 0
 0
 0
 0
 0
 0
0.00987969
 0
 0
 0
 0
 0
 0
 0
 0
8.365497e-05
 0
 0
0.511099
 0
 0
 0
 0
 0
 0
 0
 0
0.01384809
 0
 0
 0
 0
 0
 0
 0
 0
1.938519
0.2817886
 0
 0
 0
 0
 0
7.972627
3.939292
 0
0.03671273
1.098229
0.733797
0.8716904
0.7522442
0.3516136
11.27097
5.333706
1.731698
0.003362624
0.3809521
1.300023
6.133374
4.462065
1.200115
0.3560563
0.00987969
0.003459435
0.3054205
2.664313
0.6135868
0.5674647
0.5109372
 0
 0
 0
 0
0.1055024
0.5936908
0.3041507
0.05739496
 0
 0
 0
0.1612795
0.5430273
0.117404
0.305153
 0
0.06491701
 0
 0
0.2550372
0.003325485
0.5716729
0.1053365
1.936332
1.836378
0.6614606
2.630216
0.8521248
2.373445
0.03990975
0.7886974
0.8746008
0.1437618
1.519785
0.9903194
1.935218
3.770961
7.109946
3.182051
7.076422
2.209867
6.271548
6.654356
8.091656
5.248992
3.341936
6.425121
1.985589
20.68762
4.689568
4.90316
6.887938
9.968756
5.539326
5.485137
15.25702
7.371811
1.900652
6.693324
5.267306
6.655216
1.804756
10.91229
8.096376
4.273162
3.918806
1.970639
6.488604
4.726793
3.759482
8.154449
22.6448
3.001113
7.326056
6.004839
5.660534
3.176192
11.68019
25.38464
11.20604
1.956089
3.645233
2.17387
4.506586
12.58607
22.21756
14.48085
0.5463578
1.607934
0.9685355
5.546968
0.6194894
0.1043629
0.1188594
0.1066488
7.488149
4.508472
2.125897
2.954878
0.01218529
0.06660819
0.1181945
1.905615
2.165836
6.107919
3.053543
0.04336867
0.1324446
 0
0.5278477
5.880569
11.07448
2.101167
0.1097626
0.403855
0.09190641
0.9363382
1.215567
10.73976
2.045339
0.8881086
3.449559
 0
1.050486
2.360833
3.129751
0.1739751
0.2445617
0.06683796
0.03925285
0.8882112
2.949742
1.092041
0.1198116
10.74156
3.029607
0.1235146
0.3957379
0.7442037
1.947637
1.36965
1.369656
0.1812705
0.09806541
0.0002312494
0.8631781
6.336337
2.777209
3.390202
5.439344
16.52161
17.26365
6.612803
10.93642
11.44405
8.571265
10.02054
16.05362
12.07695
6.375424
14.48512
20.17929
4.757576
8.046073
20.22734
22.24275
11.26622
10.44597
26.45497
7.655638
11.83349
26.8935
15.45804
2.498105
13.45772
15.62534
14.27771
42.74016
4.160724
12.25253
12.29626
3.321461
12.05884
27.54494
23.32353
24.4194
17.60086
14.87591
9.076023
20.32289
23.04338
22.67653
23.52679
23.43206
15.24289
15.5284
16.39945
14.49556
11.91226
10.49072
15.30379
6.543761
4.975815
0.9713004
4.68458
4.612688
9.013558
8.385549
3.69182
3.826905
0.1540759
1.499363
3.953386
4.9508
0.3829663
29.6785
0.1950553
0.5264215
0.06147122
0.9016504
0.2121834
0.2141747
0.03604759
0.03729074
0.05845114
0.2333553
0.1607676
4.002204
0.1901412
0.4399326
0.06461269
0.02276176
3.058158
0.1085642
0.04226786
0.1463001
0.1091737
0.125055
0.1693623
0.1376248
0.02634996
0.01129905
0.1755205
0.3281833
0.06057416
0.002214057
2.766596
0.8419036
0.16868
0.1579067
0.195848
0.06785568
0.05544021
0.09422802
0.003979059
0.09755312
0.1188444
0.3614487
0.2224003
0.00351808
0.01531319
0.3727716
0.07068616
0.9058528
1.695013
5.67568
0.01867459
 0
2.121445
2.938859
3.778679
1.700457
0.9267973
0.3125988
0.5806961
5.692359
0.01130172
1.133992
0.03604759
0.05256812
0.2350822
0.5019634
1.191261
 0
 0
1.095212
0.02964988
0.4114891
1.618576
 0
0.1301707
0.4565153
0.04288961
0.05506929
0.01982644
3.177873
5.258405
 0
0.1237052
0.005397183
 0
0.9455012
0.9508638
2.331515
1.470992
 0
 0
 0
0.4258621
1.222903
0.08753929
 0
 0
0.3568747
 0
0.02208983
0.01127308
0.004916447
0.005342075
0.1035816
0.2869509
0.8261911
0.0251625
 0
5.052879e-05
0.192065
0.06452224
0.08188131
0.006870695
0.2739497
0.05264897
0.1397685
 0
0.01405491
 0
 0
0.1970437
0.1968935
 0
 0
 0
0.3650707
0.02964988
0.109064
1.49725
 0
 0
0.1117664
0.7259125
 0
0.00495661
0.09246966
0.202409
 0
0.1119625
1.313565
0.293611
2.318465
0.1002647
2.74645
10.47124
4.463706
9.010653
3.553591
9.686474
0.3552105
0.3457681
10.8115
11.01691
7.237038
7.426572
0.2292084
0.02254617
 0
 0
 0
 0
 0
0.8413906
 0
 0
 0
 0
 0
 0
0.3828457
0.003459435
0.3336882
 0
 0
 0
 0
1.901434
0.09214935
8.365497e-05
7.611325
 0
0.3650707
 0
0.8898624
2.518898
 0
0.1301707
1.562525
0.1984016
 0
0.1366224
0.211452
0.009902317
 0
0.6483095
0.1848421
0.03194982
0.07201876
1.204832
1.461722
0.06521661
0.01126953
0.160391
0.7889857
2.561491
0.8153843
1.446562
0.09806541
0.0002312494
4.590539
5.552052
2.638915
0.5818876
0.07080371
1.304192
0.4671011
0.2500108
 0
23.25971
1.892045
0.010948
2.780551
3.998399
2.181474
 0
9.668937
0.02046397
0.2591065
2.837477
3.627502
0.5410908
0.005054119
0.4431509
0.1217554
16.07079
0.8157349
2.0272
0.3785435
1.084954
0.1123003
0.04887146
 0
 0
0.5828196
0.03877794
0.2088221
0.1801223
0.1525324
0.02303845
 0
0.06389966
0.1552184
0.02862434
0.5537763
2.402415
0.9461836
 0
 0
0.160391
0.6340306
2.87508
15.14143
9.003128
 0
 0
4.24752
4.419122
0.1218579
3.247138
10.49209
11.95568
1.328327
0.9850678
5.826663
0.01679891
1.82741
9.075224
10.91127
0.2268303
4.220136
0.8598651
0.2189167
0.004722845
1.189773
5.451544
1.072995
0.1081428
0.01047539
 0
 0
1.031072
1.360515
0.3043859
0.2785247
0.01256019
 0
 0
 0
0.1301707
2.812439
1.782565
0.02622347
 0
 0
 0
 0
0.687251
0.02998435
 0
0.001798715
0.01352878
0.04076784
 0
 0
 0
0.07109734
0.01072923
0.1858021
0.09297398
 0
 0
0.07939248
0.5287005
