0.188167
0.08553532
0.0671846
0.05507295
0.05824093
0.05638845
0.05588717
0.06141975
0.05148336
0.0552701
0.04360701
0.03680404
0.02860236
0.02471501
0.04445441
0.04390085
0.01177274
0.03036391
0.376357
1.342454
0.1489676
0.02557416
0.01966609
0.01358266
0.01463193
0.0141373
0.0106587
0.01230576
0.01068408
0.008970441
0.007959119
0.00717975
0.01508566
0.008240979
0.00881645
0.006457631
0.01224234
0.008211357
0.007860502
0.002595348
0.00325976
0.02489959
0.01510078
0.05159071
0.2306731
0.1501631
0.04752836
0.06351962
0.06219538
0.04550933
0.03288477
0.01437612
0.007482182
0.003289275
0.00369505
0.01745173
0.1220902
0.4192389
1.102609
1.473272
2.519226
2.192928
2.241015
1.165448
0.5838162
0.8192388
1.024227
1.805162
2.169376
2.505156
5.295089
6.982514
8.535232
8.663843
8.240907
7.060113
3.897627
1.758458
0.773276
0.5256146
0.5717779
0.4726823
0.4874276
0.3350901
0.2322291
0.3900405
0.6581799
1.592648
1.204563
0.868523
0.7313799
0.5341686
0.2286106
0.190919
0.1789328
0.2300033
0.2283201
